-437
1934
-7379
3024
-4623
5147
6409
-349
-4868
4433
-7784
8968
-674
-3336
-3890
2470
2424
9672
-274
-3757
-1004
-3415
4982
2101
-3213
-9638
-5222
-6067
6625
-8119
-2313
1072
3250
-5521
-8098
-3722
-2456
6261
1690
-9866
-5261
-4265
-5778
8369
-6917
-1779
-1346
-5459
-3710
-6331
-1295
-2362
-8347
3188
-9228
1824
8068
5070
7426
-6719
-5693
-7468
-1339
-356
1169
-7729
8244
-5136
-7066
5594
-6265
6674
-3950
-2779
-9589
-56
626
-1416
6443
2041
3141
-2030
-1028
4704
-3005
3102
1299
-8376
-1599
2015
-1419
-9611
-6045
1545
9460
-3234
-660
-5643
1623
-2331
7539
9972
8569
-4001
3231
4579
1910
-5965
-885
-3841
-320
-7444
7946
-4132
-73
1898
-8463
49
6363
-781
7282
1974
-7589
-7983
710
-2161
-4016
2943
1676
2731
-9138
1948
-2216
-5528
-1925
6818
-1659
-9094
-2377
-6180
-5556
-4083
2725
-493
793
6982
-180
-6262
-2852
-6765
5461
7082
-6208
4823
8090
-9473
-8779
-5873
-6175
-2106
9979
-7049
8097
5022
1593
737
3823
9830
-9749
6705
-7465
-4695
6781
-1687
-3134
-5548
9658
-6116
-863
3112
6121
8427
-4984
1366
2127
6158
-9125
-1658
1947
4144
-2806
-2213
-7136
-3712
473
2580
-8829
5893
9858
-589
-1513
1585
2172
101
5031
-2405
7548
-1833
2101
-3450
-2786
5742
-7742
-348
1149
4669
-5620
673
-7895
719
1468
9883
8312
773
2370
1426
-6019
-9627
7451
861
-8389
-8081
7701
8098
-4624
-2891
6834
3496
2687
643
-3662
1288
-6069
-2589
-1909
-5275
-5861
-5656
-2243
-6758
5350
8512
3715
-5641
8018
1454
-2645
-9392
-4843
-3015
-5430
-7953
-5792
-7067
2122
-9331
-5700
-6400
-1433
5085
-5647
-6143
-2600
-9874
2480
-7727
433
-3051
1194
4191
6280
607
-4192
-7358
-6954
7149
-385
-9124
7329
103
-8919
3831
-3527
-2042
-293
-1064
-3360
-8874
-3901
-4781
876
6910
4314
6234
-6256
9726
3829
-8228
-7942
3419
6450
-8309
-2601
-3080
3674
-4833
864
549
-2202
7609
1389
-5796
-5085
-9302
-5235
-183
-5678
-6059
-7045
-4056
2324
9361
4841
-5450
-1500
2646
-6590
5857
-2205
-4273
-5523
5026
-3492
1844
915
-6258
7999
-102
-3772
-6586
-7503
-4404
-712
-7082
-5176
4662
3633
7102
-497
-1597
8968
1771
-8784
-5435
1352
139
-236
4410
2326
7230
-8031
4015
-9293
914
-3410
5022
-1022
7271
-4392
-5440
-6449
5625
-2199
-930
7590
-6336
-2174
-8825
7691
8623
-4678
3686
-3379
-2873
-9051
-5033
-2736
5765
659
370
-6764
-5570
25
-5111
-7501
-1520
-77
-8106
-8369
-8881
-6135
6934
-7867
-7451
-813
405
-3707
5728
-1289
-4254
-6940
8676
4313
1452
5744
-4828
6390
9228
-4600
5613
-2104
-2493
2306
-1783
-2129
-6112
5879
-1084
-7184
9570
-1507
-9239
1758
4870
3856
8883
4599
-3270
2199
3039
-8878
-3281
132
-7420
-6824
1497
4060
-760
-5969
7151
-7143
9354
-9346
-2442
-1941
1222
-1425
-7842
70
-2791
-4880
-3926
2617
-5375
-5028
-5417
-8966
-7957
-8320
1620
-7224
9700
-9065
-9192
-7501
-7783
5529
-4395
-8359
4540
-1866
-1400
-4533
7686
2267
-1293
-5865
3486
-8098
-788
-6969
-3401
-232
-3050
1095
-9762
-883
2353
-2522
-6765
9459
-9362
608
1688
-1581
-5211
794
2185
-5303
-9685
907
-3542
-3725
-963
-2202
-7674
231
-4415
3755
2457
4773
-8142
2531
-4189
2160
1422
1681
-4697
-3495
7291
1280
-9770
-3334
-9748
-7676
5154
-9463
-1732
-6691
-9124
-9074
-9696
-5056
5017
-657
-3240
3152
1558
-5492
-2421
-9198
-5315
-6418
-268
-3230
5670
164
7930
-9984
-7834
1062
6879
-3504
-9255
1724
-5542
-3713
-1877
-5819
-3544
3688
474
1393
-4995
3642
-7888
-1232
128
9108
-9160
6446
-2249
4274
5204
6334
-9153
-7317
-277
-2505
-8638
-1447
-4961
-5506
-1339
-6854
-5401
-2781
926
9366
8795
-7059
-8148
3235
-5811
-2568
298
326
2583
-704
3099
-3559
-6726
-135
-7156
-7243
-7386
6047
6041
7016
-7466
-1354
1358
-9593
-6145
-8185
242
1067
-2905
-109
-8992
-8140
-2758
2025
-9131
-2477
-9285
-7154
-1490
-7640
375
6214
-1994
-7032
-8095
-4493
-109
2721
-8773
1816
-6550
-5825
-7536
1188
-1530
-6190
-7895
-5876
369
520
1792
1719
-6425
1953
943
-8352
7208
-6364
-4692
-7175
-3276
-3925
-392
-9109
-8300
-3066
-3658
5507
-5931
-7009
1689
-3949
-7653
8377
1666
-9300
-1996
3806
1769
-9709
-4919
6042
6041
6071
1181
-894
2017
-3586
-5361
1850
1481
-7744
5697
-3691
-959
-7530
2176
6397
-1089
-2763
5304
278
364
-1068
2066
-5730
-2220
-3083
6171
-1128
1157
9732
-1213
906
989
-6758
2823
-8254
-7237
7622
-1935
-513
-8999
8493
-7362
6863
-5156
3407
-5279
2615
4039
-3317
7206
6415
9943
-6043
-5223
-3689
-530
-6264
-3287
9829
-1242
7943
421
4349
6034
5992
2257
7879
-9884
964
2454
-165
-2266
-2488
-492
-4415
-4946
2239
-7009
-4424
-1132
-2157
-4633
-7182
-3930
3472
-4522
-3384
-810
-2483
-5727
-145
469
965
-7176
2653
1602
-1525
6913
-4902
-9886
-5635
69
-2313
-44
4983
-8054
-6252
-2111
2509
705
9545
-2896
561
1824
-8441
1792
-7941
-5229
9886
-2346
3241
5485
-2757
-8713
-1851
8900
-1933
-3629
1767
-6560
4419
-2719
-9860
-151
-8968
815
-955
-7961
-562
-6565
3840
-47
-2476
-4833
7150
-4933
7062
-3508
-4081
-3914
1247
2134
-6103
6197
-4589
-843
2160
1619
8805
-7188
2184
-5069
-6326
-3068
69
-282
-9558
-1057
6454
9397
8630
-5273
-8060
7349
8479
1581
9619
-8894
-3896
-7503
-6510
-4311
-2670
-4610
-8911
8706
-1568
-3336
-9331
-3224
124
-39
-8109
-763
-8649
-4360
7555
-5720
-8624
1225
9205
-8229
-4807
-6100
7515
-9353
5651
7585
-8633
-8679
578
-7685
2061
2673
6271
1205
-1110
-5476
-8344
1032
-7036
-8688
480
4029
-1711
-2114
-1711
-6463
-8994
-109
1878
8342
682
1665
-7430
-6734
-2637
-9569
1017
-1789
-8973
-2613
-6961
-7986
-7766
-8262
-2288
4387
-7237
1608
2165
-5876
-6660
2226
-168
-3899
5707
-1148
450
-6295
446
-3181
419
-5231
-3266
5262
-7901
-5761
1584
116
2519
6744
-6915
1887
-7147
-3852
2382
-9590
4491
-3694
-3824
2674
-7220
7981
-5056
1042
2413
-2796
2634
-7904
3375
-8906
-4630
-146
-257
-9538
-8172
3500
